FECHA: 3-7-15
DATASET: banco6_remix.csv
-------------------------------------------------------------------------------------------------------------------------------------
p=0,3

> print(modelogboost)
Stochastic Gradient Boosting 

32504 samples
   26 predictor
    2 classes: 'no', 'si' 

No pre-processing
Resampling: Cross-Validated (3 fold) 

Summary of sample sizes: 21669, 21669, 21670 

Resampling results across tuning parameters:

  interaction.depth  n.trees  F1_score   Plata     Precission  Recall     ROC        F1_score SD   Plata SD    Precission SD  Recall SD   
   1                   50     0.5569186   14700.0  0.5835589   0.5330213  0.9084983  0.0128607810  42409.5508  0.0110235279   0.0233010522
   1                  100     0.5829068  118666.7  0.5758004   0.5907436  0.9215930  0.0104052471  47021.7326  0.0055971107   0.0262944958
   1                  150     0.5919181  153300.0  0.5754749   0.6097244  0.9255622  0.0073299655  37252.1140  0.0058924835   0.0210222871
   1                  200     0.5950721  167766.7  0.5744891   0.6177847  0.9276304  0.0084661409  42890.2475  0.0101511713   0.0243314726
   1                  250     0.5996263  184966.7  0.5748067   0.6271451  0.9289553  0.0063113717  35513.5655  0.0091408762   0.0203257632
   1                  300     0.6007106  190100.0  0.5742527   0.6300052  0.9294693  0.0089045185  35898.6072  0.0067235938   0.0198000950
   1                  350     0.6034441  198100.0  0.5758954   0.6341654  0.9300839  0.0102020727  42611.3835  0.0073702762   0.0235564257
   1                  400     0.6038032  203766.7  0.5737784   0.6375455  0.9301883  0.0114345097  45523.3274  0.0069220271   0.0249772438
   1                  450     0.6043650  204000.0  0.5747258   0.6375455  0.9305512  0.0098511533  39120.1994  0.0070887010   0.0215086915
   1                  500     0.6075690  216033.3  0.5753837   0.6440458  0.9310326  0.0106495557  45771.8618  0.0077838468   0.0253520141
   1                  550     0.6089934  218766.7  0.5767289   0.6453458  0.9312800  0.0081109157  35423.4856  0.0042965787   0.0195838066
   1                  600     0.6073821  217633.3  0.5741238   0.6450858  0.9313832  0.0079761545  39213.0505  0.0032841006   0.0218826211
   1                  650     0.6082737  221000.0  0.5742206   0.6469059  0.9316422  0.0093886037  39974.4919  0.0024338954   0.0219566429
   1                  700     0.6105913  226700.0  0.5761352   0.6497660  0.9318506  0.0084691907  39656.5253  0.0028325028   0.0220073884
   1                  750     0.6109116  226833.3  0.5766263   0.6497660  0.9319680  0.0080853236  35372.3527  0.0010943652   0.0194851732
   1                  800     0.6111057  229900.0  0.5755974   0.6515861  0.9319342  0.0090527445  40167.2752  0.0023307444   0.0221360340
   1                  850     0.6123258  230866.7  0.5775040   0.6518461  0.9319531  0.0103141337  39809.8397  0.0033089669   0.0215933902
   1                  900     0.6109783  229433.3  0.5755885   0.6513261  0.9319636  0.0111548066  45470.4666  0.0014020331   0.0248020485
   1                  950     0.6118014  232333.3  0.5757782   0.6528861  0.9319258  0.0102084522  40808.4958  0.0026658517   0.0222137767
   1                 1000     0.6109956  229000.0  0.5757256   0.6510660  0.9320938  0.0110311377  40292.9274  0.0037904485   0.0216777580
   2                   50     0.5892995  159266.7  0.5666599   0.6141446  0.9245556  0.0078871848  36179.7365  0.0051451984   0.0202257342
   2                  100     0.6104115  235100.0  0.5717506   0.6549662  0.9329626  0.0104683951  41309.4420  0.0058828511   0.0225310677
   2                  150     0.6195249  267666.7  0.5744898   0.6723869  0.9352361  0.0116084500  40659.7262  0.0054259079   0.0216730795
   2                  200     0.6276355  292200.0  0.5791930   0.6851274  0.9366197  0.0118029906  43933.1310  0.0040849911   0.0235348913
   2                  250     0.6331841  314333.3  0.5801603   0.6970879  0.9379163  0.0095947719  39705.9609  0.0024625078   0.0215228311
   2                  300     0.6337408  320566.7  0.5785181   0.7007280  0.9386010  0.0105504374  36974.6309  0.0044108761   0.0195838066
   2                  350     0.6363423  331566.7  0.5787575   0.7067083  0.9390455  0.0079933531  27597.5240  0.0035160937   0.0145721854
   2                  400     0.6364741  334200.0  0.5779400   0.7082683  0.9391004  0.0085652059  29629.2086  0.0038731781   0.0156590171
   2                  450     0.6386517  338166.7  0.5803162   0.7100884  0.9393262  0.0070058924  24214.5273  0.0043208417   0.0128724844
   2                  500     0.6387890  338233.3  0.5805376   0.7100884  0.9394032  0.0080148886  27490.7863  0.0036928242   0.0144954341
   2                  550     0.6391549  340533.3  0.5802512   0.7113885  0.9397524  0.0080932499  23564.8750  0.0054468406   0.0121093406
   2                  600     0.6399904  345633.3  0.5797401   0.7142486  0.9400514  0.0094858880  28736.2721  0.0058381539   0.0148479371
   2                  650     0.6397388  342933.3  0.5803406   0.7126885  0.9400781  0.0091068121  22700.2937  0.0076267382   0.0113126937
   2                  700     0.6410529  345666.7  0.5816402   0.7139886  0.9402321  0.0100758323  25141.4664  0.0083445971   0.0125129583
   2                  750     0.6404956  347566.7  0.5798688   0.7152886  0.9403256  0.0090484107  24020.0611  0.0069361037   0.0121093406
   2                  800     0.6413066  347500.0  0.5813848   0.7150286  0.9404396  0.0100161188  26709.7361  0.0081769941   0.0135629759
   2                  850     0.6400189  345633.3  0.5797697   0.7142486  0.9404616  0.0076288920  19680.0237  0.0061464873   0.0098769734
   2                  900     0.6417404  354133.3  0.5795222   0.7189288  0.9405539  0.0102327777  25994.6789  0.0082634290   0.0129666746
   2                  950     0.6415450  353200.0  0.5795578   0.7184087  0.9407117  0.0112932596  32775.7532  0.0075112502   0.0167842705
   2                 1000     0.6404023  350533.3  0.5785265   0.7171087  0.9407427  0.0125633250  32466.6496  0.0099782178   0.0162563692
   3                   50     0.6086770  230900.0  0.5701012   0.6528861  0.9301681  0.0134349860  35796.2289  0.0098917646   0.0182433940
   3                  100     0.6235073  286466.7  0.5737068   0.6827873  0.9363885  0.0094250848  25354.7497  0.0068715578   0.0128724844
   3                  150     0.6340400  328833.3  0.5756580   0.7056682  0.9381869  0.0122405062  38147.6517  0.0069797379   0.0198308008
   3                  200     0.6386933  342900.0  0.5784544   0.7129485  0.9392714  0.0115120524  29672.8832  0.0092238012   0.0148820468
   3                  250     0.6388406  346400.0  0.5773329   0.7150286  0.9399353  0.0104952158  28461.0260  0.0077677044   0.0143901135
   3                  300     0.6413753  354833.3  0.5786045   0.7194488  0.9406365  0.0103288898  28494.9703  0.0078578337   0.0144954341
   3                  350     0.6418386  356333.3  0.5788628   0.7202288  0.9410882  0.0085775551  27000.9876  0.0052007706   0.0140477823
   3                  400     0.6413542  353100.0  0.5792312   0.7184087  0.9414402  0.0096982425  24318.1003  0.0080330380   0.0121093406
   3                  450     0.6419854  358533.3  0.5782606   0.7215289  0.9416560  0.0073885926  19459.0168  0.0068845954   0.0099587717
   3                  500     0.6425453  354500.0  0.5808487   0.7189288  0.9417074  0.0095007176  27417.5127  0.0064732638   0.0140477823
   3                  550     0.6426347  358833.3  0.5793006   0.7215289  0.9418174  0.0098144120  26978.5717  0.0071470439   0.0136672508
   3                  600     0.6442560  366433.3  0.5792713   0.7256890  0.9421113  0.0081777904  23592.4423  0.0060350722   0.0121177121
   3                  650     0.6437325  363600.0  0.5794242   0.7241290  0.9421101  0.0094262964  17750.2113  0.0105746929   0.0083406214
   3                  700     0.6436011  362700.0  0.5795472   0.7236089  0.9422786  0.0090917129  25066.5115  0.0074971476   0.0128251300
   3                  750     0.6458206  371000.0  0.5803274   0.7280291  0.9423341  0.0111096175  28797.0485  0.0100200796   0.0145999949
   3                  800     0.6451948  368133.3  0.5803340   0.7264691  0.9425443  0.0093939651  24225.8815  0.0099564593   0.0125372475
   3                  850     0.6446743  363600.0  0.5811445   0.7238690  0.9424573  0.0098275012  23953.9141  0.0101982381   0.0121844769
   3                  900     0.6451451  366833.3  0.5807436   0.7256890  0.9425199  0.0090477058  27488.6037  0.0074372864   0.0143901135
   3                  950     0.6450905  367666.7  0.5803198   0.7262090  0.9424547  0.0079241911  24634.5963  0.0067208753   0.0129823065
   3                 1000     0.6450008  366333.3  0.5806452   0.7254290  0.9423890  0.0065497696  19209.4595  0.0052472333   0.0099587717
   4                   50     0.6231922  288033.3  0.5724936   0.6838274  0.9337367  0.0050026031  22077.2130  0.0020329941   0.0121177121
   4                  100     0.6335102  329900.0  0.5743123   0.7064483  0.9386036  0.0172716651  52389.9800  0.0113568470   0.0271259519
   4                  150     0.6401262  351266.7  0.5777400   0.7176287  0.9401316  0.0130446454  33238.8829  0.0106483676   0.0166020255
   4                  200     0.6428608  364100.0  0.5777037   0.7246490  0.9409560  0.0134640989  38286.6818  0.0102382498   0.0195941602
   4                  250     0.6444359  365233.3  0.5800635   0.7249090  0.9412836  0.0116552592  33226.5456  0.0082445999   0.0169525983
   4                  300     0.6469881  371533.3  0.5822105   0.7280291  0.9417779  0.0095987692  29596.3399  0.0062673354   0.0153317972
   4                  350     0.6454404  361800.0  0.5831936   0.7225689  0.9420062  0.0079998278  21355.0931  0.0060886355   0.0107614155
   4                  400     0.6475484  373066.7  0.5825974   0.7288092  0.9422629  0.0102254526  27291.8181  0.0078687966   0.0137412483
   4                  450     0.6463065  368633.3  0.5820778   0.7264691  0.9422459  0.0130095729  30599.7277  0.0115093346   0.0149906763
   4                  500     0.6442663  367733.3  0.5787893   0.7264691  0.9423665  0.0100361906  29005.7466  0.0068300120   0.0148274336
   4                  550     0.6457199  373100.0  0.5793119   0.7293292  0.9427362  0.0088469797  20396.3232  0.0081306772   0.0099587717
   4                  600     0.6460529  375833.3  0.5788643   0.7308892  0.9427240  0.0076050206  19047.6595  0.0063434839   0.0094573757
   4                  650     0.6447179  372666.7  0.5777101   0.7293292  0.9426763  0.0113961493  32156.8552  0.0080699610   0.0163434687
   4                  700     0.6420005  363700.0  0.5762812   0.7246490  0.9427990  0.0075067672  21557.1334  0.0051366379   0.0110036942
   4                  750     0.6449326  375766.7  0.5769174   0.7311492  0.9429138  0.0079967812  23730.2198  0.0054665473   0.0121927968
   4                  800     0.6462191  373333.3  0.5801264   0.7293292  0.9428226  0.0072117050  21930.4203  0.0047509202   0.0113306077
   4                  850     0.6432354  367266.7  0.5771296   0.7264691  0.9427660  0.0069658446  22528.2785  0.0038319725   0.0117350849
   4                  900     0.6468072  376600.0  0.5799146   0.7311492  0.9427958  0.0069020714  16588.2489  0.0061624593   0.0081934224
   4                  950     0.6442283  367700.0  0.5787191   0.7264691  0.9427904  0.0101260354  22909.1685  0.0094785472   0.0111501725
   4                 1000     0.6448577  372733.3  0.5779480   0.7293292  0.9426033  0.0096388669  30687.1852  0.0054984391   0.0159286879
   5                   50     0.6284630  318200.0  0.5698494   0.7007280  0.9360439  0.0126320965  45213.6041  0.0069788074   0.0240969469
   5                  100     0.6418607  366666.7  0.5749975   0.7264691  0.9397536  0.0103570475  37457.8875  0.0060345832   0.0199531514
   5                  150     0.6439535  374900.0  0.5755313   0.7308892  0.9412356  0.0094386679  29046.3423  0.0065398953   0.0150649048
   5                  200     0.6428136  372233.3  0.5745260   0.7295892  0.9418156  0.0059527646  22963.5218  0.0032393100   0.0123415957
   5                  250     0.6431296  371500.0  0.5753232   0.7290692  0.9422056  0.0046000608   7217.3402  0.0057520249   0.0032475289
   5                  300     0.6436710  373466.7  0.5755803   0.7301092  0.9425954  0.0006093627   9998.1665  0.0047415544   0.0061913057
   5                  350     0.6472956  383700.0  0.5781206   0.7353094  0.9428703  0.0019462120   3380.8283  0.0045616325   0.0025074495
   5                  400     0.6460061  381400.0  0.5767095   0.7342694  0.9430920  0.0015415520   7014.9840  0.0039217709   0.0042960769
   5                  450     0.6473495  382866.7  0.5785092   0.7347894  0.9431477  0.0048506390  11163.4821  0.0045537229   0.0054602184
   5                  500     0.6445202  371266.7  0.5778767   0.7285491  0.9430489  0.0064085010  11827.6512  0.0070665633   0.0054602184
   5                  550     0.6461598  377600.0  0.5783882   0.7319293  0.9431109  0.0060817998  14904.0263  0.0054940411   0.0074137168
   5                  600     0.6454605  374700.0  0.5782479   0.7303692  0.9430367  0.0062971722  12466.3547  0.0069475358   0.0059575867
   5                  650     0.6453297  372066.7  0.5790283   0.7288092  0.9430590  0.0046338516  13720.5442  0.0046797152   0.0072477170
   5                  700     0.6436754  365733.3  0.5784831   0.7254290  0.9431434  0.0032458952   6102.7316  0.0034631357   0.0028124425
   5                  750     0.6427687  364466.7  0.5773529   0.7249090  0.9431533  0.0039397860   8717.9891  0.0041092151   0.0042960769
   5                  800     0.6444517  367800.0  0.5790834   0.7264691  0.9431024  0.0038648159   7905.0617  0.0046093629   0.0039260709
   5                  850     0.6450248  371500.0  0.5786859   0.7285491  0.9430104  0.0046453723  12242.9572  0.0039303897   0.0061913057
   5                  900     0.6428455  368366.7  0.5759971   0.7272491  0.9429558  0.0060233547  12559.5913  0.0059453312   0.0059575867
   5                  950     0.6428620  366666.7  0.5766915   0.7262090  0.9426885  0.0067677939  21184.9790  0.0042639918   0.0110036942
   5                 1000     0.6449886  365466.7  0.5809529   0.7249090  0.9427661  0.0031739860  12493.3316  0.0014890104   0.0067251779
   6                   50     0.6336987  342433.3  0.5698512   0.7139886  0.9371867  0.0147523006  57148.0825  0.0050341728   0.0306139474
   6                  100     0.6451832  379366.7  0.5760819   0.7332293  0.9407413  0.0170866099  53368.6550  0.0102585738   0.0275892967
   6                  150     0.6482028  387600.0  0.5783358   0.7373895  0.9417549  0.0128672922  44396.3963  0.0062178851   0.0233010522
   6                  200     0.6491752  387600.0  0.5800337   0.7371295  0.9422951  0.0122246261  41461.9102  0.0060925758   0.0217151496
   6                  250     0.6494844  387300.0  0.5806665   0.7368695  0.9425244  0.0130133929  40095.8851  0.0081000190   0.0207014657
   6                  300     0.6485127  384700.0  0.5799009   0.7355694  0.9426489  0.0110030006  32722.4693  0.0071639832   0.0167842705
   6                  350     0.6511336  387600.0  0.5834841   0.7366095  0.9427767  0.0112113700  35901.6713  0.0071377033   0.0187261649
   6                  400     0.6491665  385866.7  0.5806425   0.7360894  0.9425935  0.0129877495  40299.1729  0.0079009387   0.0208187001
   6                  450     0.6494873  385566.7  0.5812913   0.7358294  0.9426030  0.0143343568  38717.2227  0.0108171932   0.0195059795
   6                  500     0.6517724  391766.7  0.5830269   0.7389496  0.9427988  0.0127096603  38735.2983  0.0080606495   0.0199531514
   6                  550     0.6494577  391166.7  0.5791853   0.7392096  0.9430258  0.0123939989  39892.3969  0.0070220094   0.0207308365
   6                  600     0.6499461  389233.3  0.5807967   0.7379095  0.9430152  0.0123693877  41075.0938  0.0075180866   0.0215463765
   6                  650     0.6471651  381933.3  0.5785599   0.7342694  0.9429837  0.0080119000  24424.6460  0.0058362994   0.0126820056
   6                  700     0.6471480  381933.3  0.5785410   0.7342694  0.9432271  0.0077708806  27281.0068  0.0036471429   0.0143901135
   6                  750     0.6438188  371833.3  0.5764615   0.7290692  0.9430571  0.0066802960  26067.2847  0.0021798911   0.0139608879
   6                  800     0.6439986  377500.0  0.5746338   0.7324493  0.9428919  0.0076143505  25913.1241  0.0037669974   0.0136003087
   6                  850     0.6415179  366066.7  0.5745407   0.7262090  0.9427423  0.0096192822  29122.9005  0.0063700754   0.0150446970
   6                  900     0.6441082  367233.3  0.5787218   0.7262090  0.9423989  0.0074818240  25930.1626  0.0041147742   0.0137116972
   6                  950     0.6442910  368600.0  0.5785107   0.7269891  0.9422028  0.0052414712  20066.6390  0.0018221155   0.0107236561
   6                 1000     0.6460944  375433.3  0.5791286   0.7306292  0.9423007  0.0058024803  23173.7639  0.0015308835   0.0124398063
   7                   50     0.6383826  364200.0  0.5697286   0.7259490  0.9384290  0.0135630975  35245.5671  0.0126295858   0.0178954413
   7                  100     0.6460847  390933.3  0.5733830   0.7399896  0.9407950  0.0116400462  39230.7702  0.0064032235   0.0205243587
   7                  150     0.6467164  392066.7  0.5740489   0.7405096  0.9417751  0.0091933635  30627.1666  0.0055571295   0.0160302264
   7                  200     0.6450073  379666.7  0.5756017   0.7334893  0.9417648  0.0080468377  23390.6677  0.0067149831   0.0120925803
   7                  250     0.6460171  387433.3  0.5744973   0.7379095  0.9419924  0.0047412140  16513.4289  0.0035658241   0.0087905052
   7                  300     0.6439307  380033.3  0.5735541   0.7340094  0.9422152  0.0051030972  13579.5189  0.0047072325   0.0069330690
   7                  350     0.6443302  381933.3  0.5735441   0.7350494  0.9421010  0.0031369042   7510.2153  0.0027541939   0.0036862836
   7                  400     0.6438659  377000.0  0.5745887   0.7321893  0.9420404  0.0034721520  15906.9167  0.0026411966   0.0087674027
   7                  450     0.6413053  368966.7  0.5730546   0.7280291  0.9420116  0.0048068351  16540.3547  0.0023831479   0.0086977268
   7                  500     0.6430808  370633.3  0.5755989   0.7285491  0.9418039  0.0041265168  19565.8716  0.0011573084   0.0107236561
   7                  550     0.6399230  366200.0  0.5716661   0.7267291  0.9413428  0.0070304709  24448.5173  0.0033222614   0.0128724844
   7                  600     0.6405437  360466.7  0.5749443   0.7230889  0.9411460  0.0036697701  17488.3771  0.0002112254   0.0095851839
   7                  650     0.6412483  362066.7  0.5755617   0.7238690  0.9411158  0.0040682156  11977.6180  0.0031352526   0.0061913057
   7                  700     0.6396050  360466.7  0.5732417   0.7233489  0.9409851  0.0069460778  18400.0906  0.0053667894   0.0092404346
   7                  750     0.6397074  354933.3  0.5755490   0.7199688  0.9408202  0.0040339766  12038.4107  0.0025846049   0.0061913057
   7                  800     0.6389238  352433.3  0.5751280   0.7186687  0.9408905  0.0042449829  13203.1562  0.0041763305   0.0070347110
   7                  850     0.6389431  347733.3  0.5770018   0.7158086  0.9406418  0.0080202672  24369.3113  0.0050822205   0.0126098343
   7                  900     0.6397844  346400.0  0.5790838   0.7147686  0.9404894  0.0065575257  25421.0543  0.0017884509   0.0136301013
   7                  950     0.6400204  349933.3  0.5780820   0.7168487  0.9404152  0.0083975105  24917.7313  0.0055576042   0.0128409342
   7                 1000     0.6388463  346400.0  0.5773483   0.7150286  0.9404173  0.0078465168  22829.1480  0.0055197870   0.0117350849
   8                   50     0.6396552  365666.7  0.5714257   0.7264691  0.9395031  0.0137722905  41966.6931  0.0092429468   0.0216777580
   8                  100     0.6499271  400400.0  0.5765753   0.7446698  0.9419877  0.0119520826  31523.4833  0.0093699647   0.0157622928
   8                  150     0.6499253  399100.0  0.5770395   0.7438898  0.9429419  0.0098500618  24450.1534  0.0083508247   0.0120925803
   8                  200     0.6515790  402000.0  0.5788698   0.7451898  0.9431931  0.0068585405  18409.7800  0.0056548062   0.0093060479
   8                  250     0.6496962  394266.7  0.5784463   0.7410296  0.9434855  0.0043131371  20566.0724  0.0005365173   0.0112497700
   8                  300     0.6503076  399700.0  0.5774908   0.7441498  0.9435420  0.0026744625   7351.1904  0.0030938661   0.0039001560
   8                  350     0.6508318  394333.3  0.5803726   0.7407696  0.9434071  0.0022512181   2715.3882  0.0031859000   0.0011915173
   8                  400     0.6510827  397033.3  0.5798129   0.7423297  0.9435992  0.0015261220   4392.4177  0.0011772233   0.0022517561
   8                  450     0.6474498  384633.3  0.5780242   0.7358294  0.9433522  0.0018041002   3499.0475  0.0018757372   0.0016237644
   8                  500     0.6467949  380466.7  0.5784285   0.7334893  0.9433684  0.0016418230   4875.7905  0.0011384806   0.0025074495
   8                  550     0.6454365  373833.3  0.5785367   0.7298492  0.9431851  0.0029198795   8280.9017  0.0034881902   0.0044354452
   8                  600     0.6440324  369333.3  0.5777416   0.7275091  0.9429206  0.0009380426   3043.5725  0.0008738915   0.0016237644
   8                  650     0.6442621  369433.3  0.5781207   0.7275091  0.9429271  0.0024488872    665.8328  0.0041760512   0.0004503512
   8                  700     0.6446422  370466.7  0.5783978   0.7280291  0.9427008  0.0045636397  10722.0956  0.0043708036   0.0053095626
   8                  750     0.6415562  362633.3  0.5758877   0.7241290  0.9423083  0.0039451050   9646.4156  0.0033640947   0.0047660694
   8                  800     0.6436846  370033.3  0.5768612   0.7280291  0.9421783  0.0031717278   4366.1577  0.0043156154   0.0019630355
   8                  850     0.6442946  372033.3  0.5771898   0.7290692  0.9420132  0.0026305162  10861.0926  0.0006041980   0.0058545659
   8                  900     0.6449451  366733.3  0.5803799   0.7256890  0.9420370  0.0018303313   6591.1557  0.0025411354   0.0036862836
   8                  950     0.6437385  361466.7  0.5802565   0.7228289  0.9420041  0.0014867325   7759.7251  0.0005371348   0.0042960769
   8                 1000     0.6417382  357133.3  0.5783411   0.7207488  0.9418468  0.0033356027   9302.8669  0.0025377957   0.0047447446
   9                   50     0.6374902  363833.3  0.5683361   0.7259490  0.9394241  0.0119744801  43163.6807  0.0055178831   0.0228528287
   9                  100     0.6473685  395400.0  0.5740687   0.7423297  0.9419530  0.0119897143  44800.3348  0.0066692007   0.0238686149
   9                  150     0.6477551  398566.7  0.5735007   0.7441498  0.9425255  0.0122204146  36836.7118  0.0083960006   0.0189308285
   9                  200     0.6462769  385833.3  0.5755249   0.7368695  0.9430387  0.0111642996  29026.9415  0.0089134758   0.0144954341
   9                  250     0.6475213  386833.3  0.5773558   0.7371295  0.9429103  0.0095049287  29017.6383  0.0060470822   0.0149432481
   9                  300     0.6463715  382866.7  0.5767999   0.7350494  0.9428262  0.0067684309  21680.9440  0.0039219533   0.0112587806
   9                  350     0.6461891  381500.0  0.5770154   0.7342694  0.9427331  0.0082652645  27911.8255  0.0051325957   0.0146831075
   9                  400     0.6443087  374633.3  0.5762753   0.7306292  0.9424864  0.0100814500  31741.8231  0.0071636738   0.0165530879
   9                  450     0.6443119  370333.3  0.5779132   0.7280291  0.9423742  0.0060632977  24692.5765  0.0029389202   0.0133367848
   9                  500     0.6452516  374633.3  0.5779493   0.7303692  0.9421302  0.0082329521  30353.9673  0.0032114934   0.0161059601
   9                  550     0.6456619  375700.0  0.5783380   0.7308892  0.9418878  0.0110780478  42325.2879  0.0039711945   0.0225670455
   9                  600     0.6425395  365266.7  0.5767403   0.7254290  0.9417587  0.0112463392  41431.4293  0.0043330335   0.0220073884
   9                  650     0.6420087  363300.0  0.5765766   0.7243890  0.9417252  0.0077118157  35646.7390  0.0018638124   0.0194903768
   9                  700     0.6428018  361500.0  0.5786328   0.7230889  0.9414680  0.0076172885  30836.5043  0.0022763247   0.0166020255
   9                  750     0.6413915  357433.3  0.5776608   0.7210088  0.9413724  0.0099421721  34077.0206  0.0048754491   0.0179463691
   9                  800     0.6405135  353166.7  0.5777823   0.7186687  0.9411448  0.0049735866  26748.8941  0.0014915874   0.0148479371
   9                  850     0.6382143  348266.7  0.5755515   0.7163287  0.9410945  0.0041844134  24525.9726  0.0024471874   0.0137412483
   9                  900     0.6387828  351533.3  0.5752930   0.7181487  0.9408780  0.0064836046  29186.6979  0.0008380726   0.0159159500
   9                  950     0.6381226  346933.3  0.5758604   0.7155486  0.9407466  0.0038857206  19241.9680  0.0010876363   0.0106191253
   9                 1000     0.6391104  345666.7  0.5781580   0.7145086  0.9405691  0.0058512973  24056.6692  0.0023056821   0.0130290898
  10                   50     0.6458481  389533.3  0.5735568   0.7392096  0.9395342  0.0105397308  39812.1003  0.0075461807   0.0213952382
  10                  100     0.6491299  403500.0  0.5741477   0.7467499  0.9418039  0.0087980898  33496.8655  0.0043683562   0.0178614087
  10                  150     0.6504100  403666.7  0.5763375   0.7464899  0.9422678  0.0107176341  41855.2665  0.0038754373   0.0223230702
  10                  200     0.6516951  401200.0  0.5794064   0.7446698  0.9428971  0.0085154144  28014.9960  0.0063944258   0.0147451346
  10                  250     0.6512394  393233.3  0.5815490   0.7399896  0.9430426  0.0065558533  23259.4784  0.0055458005   0.0124886219
  10                  300     0.6466538  379133.3  0.5787316   0.7327093  0.9428174  0.0080257406  29420.4577  0.0032191273   0.0156071229
  10                  350     0.6468869  384833.3  0.5770120   0.7360894  0.9426592  0.0084232073  30619.9826  0.0034125999   0.0162188977
  10                  400     0.6471467  382366.7  0.5783757   0.7345294  0.9424285  0.0097494351  31642.7454  0.0055408399   0.0164794091
  10                  450     0.6460338  372400.0  0.5801800   0.7288092  0.9424082  0.0081732235  28319.0748  0.0039726142   0.0149296695
  10                  500     0.6432554  362566.7  0.5790082   0.7236089  0.9422506  0.0110718155  35872.3199  0.0060277776   0.0187261649
  10                  550     0.6443155  367333.3  0.5790539   0.7262090  0.9422525  0.0099410893  31992.2386  0.0055980366   0.0166751625
  10                  600     0.6436439  361433.3  0.5801293   0.7228289  0.9419238  0.0087060769  26079.1743  0.0067014245   0.0135629759
  10                  650     0.6410534  356833.3  0.5772362   0.7207488  0.9418268  0.0074888907  21938.3986  0.0049230586   0.0112497700
  10                  700     0.6409774  357233.3  0.5769975   0.7210088  0.9416767  0.0044934739  22539.1511  0.0011045939   0.0124398063
  10                  750     0.6394648  354400.0  0.5753732   0.7197088  0.9414384  0.0034423762  18559.9030  0.0028599299   0.0103874074
  10                  800     0.6404493  354000.0  0.5773238   0.7191888  0.9413919  0.0076002429  30063.1003  0.0033730933   0.0162126441
  10                  850     0.6379319  346433.3  0.5757587   0.7152886  0.9411904  0.0067574678  29884.4999  0.0006167028   0.0162875297
  10                  900     0.6387006  346766.7  0.5769873   0.7152886  0.9413547  0.0039266668  21192.5301  0.0012762708   0.0117782128
  10                  950     0.6392395  347433.3  0.5776901   0.7155486  0.9413017  0.0027002362  17499.8095  0.0021153288   0.0098769734
  10                 1000     0.6365709  334233.3  0.5781005   0.7082683  0.9409444  0.0054069890  21741.7417  0.0028136816   0.0117782128
  11                   50     0.6466709  389900.0  0.5747905   0.7392096  0.9410270  0.0161632306  45868.6167  0.0129440301   0.0234572040
  11                  100     0.6518516  408600.0  0.5769862   0.7490900  0.9422366  0.0110935446  32503.9998  0.0083085723   0.0166629953
  11                  150     0.6526280  410666.7  0.5775655   0.7501300  0.9426486  0.0064123370  19233.3911  0.0044597959   0.0098769734
  11                  200     0.6507009  396866.7  0.5792164   0.7423297  0.9426707  0.0082772586  22324.0528  0.0066588611   0.0112857693
  11                  250     0.6493939  397566.7  0.5766818   0.7431097  0.9427366  0.0082876823  21180.7302  0.0073807267   0.0106477354
  11                  300     0.6502442  397100.0  0.5783469   0.7425897  0.9424534  0.0073974665  24651.3691  0.0040447402   0.0128882306
  11                  350     0.6460361  383133.3  0.5760995   0.7353094  0.9425639  0.0050069239  10464.3840  0.0053563279   0.0050752005
  11                  400     0.6472743  383266.7  0.5782596   0.7350494  0.9422449  0.0060593438  18637.9541  0.0057950510   0.0098769734
  11                  450     0.6429450  366700.0  0.5768176   0.7262090  0.9420597  0.0074513511  20143.2371  0.0058489792   0.0102002315
  11                  500     0.6436201  367433.3  0.5777504   0.7264691  0.9420778  0.0056006100  17290.5562  0.0043325866   0.0090407377
  11                  550     0.6413950  366433.3  0.5741757   0.7264691  0.9419948  0.0059329133  19919.9230  0.0034226346   0.0104749023
  11                  600     0.6417514  366600.0  0.5747722   0.7264691  0.9415123  0.0067418032  24821.1603  0.0038367291   0.0132681756
  11                  650     0.6387759  355800.0  0.5735925   0.7207488  0.9411625  0.0044203088  16956.7096  0.0049778376   0.0093603744
  11                  700     0.6372220  355533.3  0.5709296   0.7210088  0.9408353  0.0064470439  24319.8136  0.0039481939   0.0130834588
  11                  750     0.6375824  350966.7  0.5733110   0.7181487  0.9405594  0.0046244802  14378.5720  0.0058985514   0.0078907909
  11                  800     0.6361380  351600.0  0.5705029   0.7189288  0.9403743  0.0011000335  14294.4045  0.0038679796   0.0084132552
  11                  850     0.6366725  349266.7  0.5723712   0.7173687  0.9404330  0.0007563879  12624.3152  0.0059044831   0.0078133017
  11                  900     0.6353233  344800.0  0.5716539   0.7150286  0.9402546  0.0015050382  11892.4346  0.0043837229   0.0070778251
  11                  950     0.6365464  347066.7  0.5729827   0.7160686  0.9401120  0.0006199583  11161.2425  0.0053552559   0.0069330690
  11                 1000     0.6350954  338700.0  0.5736363   0.7113885  0.9396945  0.0003128162  12401.2096  0.0042812548   0.0074410234
  12                   50     0.6474064  397533.3  0.5732378   0.7436297  0.9409140  0.0113562640  29958.3600  0.0090175976   0.0149906763
  12                  100     0.6501960  405700.0  0.5751492   0.7477899  0.9422762  0.0136609207  37933.2308  0.0101353576   0.0191756569
  12                  150     0.6513453  404933.3  0.5774330   0.7470099  0.9426059  0.0117530117  36449.4627  0.0074452221   0.0188233882
  12                  200     0.6474911  390266.7  0.5760459   0.7392096  0.9423883  0.0105767395  32500.8205  0.0067848398   0.0167721824
  12                  250     0.6505725  398966.7  0.5782761   0.7436297  0.9424228  0.0103888393  30392.4881  0.0092459528   0.0158393078
  12                  300     0.6457648  380866.7  0.5765006   0.7340094  0.9419954  0.0108760123  28667.4612  0.0099163569   0.0146138799
  12                  350     0.6424377  370766.7  0.5744183   0.7288092  0.9417771  0.0098052988  27069.6016  0.0091081700   0.0140044025
  12                  400     0.6422116  363800.0  0.5766718   0.7246490  0.9415490  0.0097213262  29728.9421  0.0079267684   0.0155811110
  12                  450     0.6442595  370733.3  0.5776769   0.7282891  0.9414715  0.0088072100  27100.0615  0.0078986998   0.0143052987
  12                  500     0.6425979  369133.3  0.5753078   0.7277691  0.9409308  0.0087111206  28522.3304  0.0052554602   0.0149432481
  12                  550     0.6395193  357866.7  0.5741240   0.7217889  0.9411242  0.0096654698  30219.2543  0.0065594483   0.0157622928
  12                  600     0.6363450  349133.3  0.5718117   0.7173687  0.9407166  0.0074916947  25529.8518  0.0051804702   0.0135629759
  12                  650     0.6381649  351233.3  0.5742524   0.7181487  0.9405946  0.0043225337  15617.4048  0.0048937467   0.0085921537
  12                  700     0.6381404  347366.7  0.5756977   0.7158086  0.9404256  0.0059727470  18874.4095  0.0043448915   0.0099077269
  12                  750     0.6336263  335033.3  0.5723867   0.7095684  0.9401024  0.0048578415  10802.4689  0.0058704405   0.0055340085
  12                  800     0.6349028  336466.7  0.5741650   0.7100884  0.9398585  0.0051115131  14011.5429  0.0071113898   0.0076956051
  12                  850     0.6337257  333800.0  0.5730683   0.7087884  0.9396275  0.0050062714  15987.8079  0.0048045860   0.0085566733
  12                  900     0.6326140  327733.3  0.5734574   0.7054082  0.9394171  0.0043237771  14415.3853  0.0035196940   0.0076956051
  12                  950     0.6317350  322200.0  0.5740813   0.7022881  0.9390016  0.0035750706  11788.5538  0.0035079678   0.0063529858
  12                 1000     0.6315551  321266.7  0.5741343   0.7017681  0.9388232  0.0039318145  14775.0917  0.0023986977   0.0079675265
  13                   50     0.6468857  395600.0  0.5731309   0.7425897  0.9405410  0.0139807712  44801.3393  0.0102637379   0.0234399052
  13                  100     0.6506207  408033.3  0.5750955   0.7490900  0.9419622  0.0141334946  37571.0438  0.0129512476   0.0191120910
  13                  150     0.6504232  402800.0  0.5766249   0.7459698  0.9428404  0.0135584045  42100.3563  0.0090366113   0.0217897403
  13                  200     0.6522510  397566.7  0.5816853   0.7423297  0.9429834  0.0097665163  27592.4507  0.0074542599   0.0140694220
  13                  250     0.6485933  387733.3  0.5788942   0.7373895  0.9432078  0.0061724860  16919.3183  0.0051983426   0.0086274883
  13                  300     0.6492612  388900.0  0.5796379   0.7379095  0.9430586  0.0067835723  20787.7368  0.0042917194   0.0107236561
  13                  350     0.6499533  390066.7  0.5804153   0.7384295  0.9429570  0.0042734650  13023.5684  0.0028866969   0.0067251779
  13                  400     0.6471005  381466.7  0.5785950   0.7340094  0.9424129  0.0056594494  14985.7710  0.0044154601   0.0075223485
  13                  450     0.6490559  383200.0  0.5814055   0.7345294  0.9421563  0.0039206570   7967.4337  0.0043046465   0.0038478025
  13                  500     0.6467654  374866.7  0.5805334   0.7301092  0.9419511  0.0032014708  16627.1866  0.0013218730   0.0091964322
  13                  550     0.6445060  366966.7  0.5795036   0.7259490  0.9416992  0.0006032980   5272.8866  0.0020402142   0.0031524586
  13                  600     0.6437148  364033.3  0.5792420   0.7243890  0.9413983  0.0039845460  13192.5484  0.0050136956   0.0072477170
  13                  650     0.6411964  359033.3  0.5766520   0.7220489  0.9409574  0.0026091971   7642.8616  0.0045949420   0.0044354452
  13                  700     0.6408313  352433.3  0.5785620   0.7181487  0.9405341  0.0032175412  11500.1449  0.0032339313   0.0062564792
  13                  750     0.6380612  343466.7  0.5770823   0.7134685  0.9403030  0.0019113280   9135.8269  0.0015716781   0.0050752005
  13                  800     0.6373212  339700.0  0.5772353   0.7113885  0.9403075  0.0017967798   3207.8030  0.0036670610   0.0020637686
  13                  850     0.6367432  336866.7  0.5773118   0.7098284  0.9399785  0.0036526732   4781.5618  0.0050302304   0.0020637686
  13                  900     0.6359088  333500.0  0.5771637   0.7080083  0.9397761  0.0031510907  13717.5071  0.0026800525   0.0075760802
  13                  950     0.6361092  332733.3  0.5778250   0.7074883  0.9396270  0.0042754499  14246.8710  0.0026075090   0.0075223485
  13                 1000     0.6346570  325666.7  0.5780857   0.7035881  0.9392357  0.0049089960  22882.3804  0.0006160623   0.0125534141
  14                   50     0.6474416  390666.7  0.5758027   0.7394696  0.9405832  0.0139820204  36752.4602  0.0114330886   0.0184424187
  14                  100     0.6544251  408466.7  0.5814866   0.7483099  0.9429729  0.0159153508  42040.6153  0.0126567577   0.0210656569
  14                  150     0.6512136  397533.3  0.5798694   0.7425897  0.9432891  0.0102992272  28329.7253  0.0076803899   0.0143194694
  14                  200     0.6473531  388066.7  0.5766457   0.7379095  0.9430964  0.0118245075  39224.7796  0.0063798022   0.0205045857
  14                  250     0.6427679  375233.3  0.5733333   0.7314093  0.9428536  0.0105080645  34579.8111  0.0060065602   0.0180814755
  14                  300     0.6433584  376333.3  0.5739749   0.7319293  0.9424751  0.0088304896  23896.9315  0.0094971021   0.0125372475
  14                  350     0.6463526  377266.7  0.5788904   0.7316693  0.9421344  0.0091971783  27347.8214  0.0072262167   0.0141914239
  14                  400     0.6456350  378233.3  0.5772776   0.7324493  0.9418949  0.0079571563  26074.1890  0.0068204518   0.0138661379
  14                  450     0.6423926  364733.3  0.5766151   0.7251690  0.9420184  0.0029344826  15671.7368  0.0025350743   0.0087674027
  14                  500     0.6437726  367933.3  0.5778575   0.7267291  0.9416581  0.0038584809  17635.2866  0.0033325206   0.0097529898
  14                  550     0.6382114  347833.3  0.5756942   0.7160686  0.9412235  0.0039009248  21942.9563  0.0022639131   0.0122591526
  14                  600     0.6383664  351333.3  0.5745715   0.7181487  0.9408344  0.0048712352  20416.7415  0.0010336501   0.0110404960
  14                  650     0.6385624  350133.3  0.5753790   0.7173687  0.9403097  0.0057694211  20110.7765  0.0030488061   0.0106477354
  14                  700     0.6385881  347566.7  0.5764473   0.7158086  0.9399429  0.0027818145  15250.6830  0.0029147398   0.0085921537
  14                  750     0.6365499  341066.7  0.5753164   0.7124285  0.9396750  0.0012211548   6870.4682  0.0048990544   0.0045035122
  14                  800     0.6328510  330833.3  0.5726436   0.7072283  0.9393470  0.0016234481   7779.6744  0.0024251397   0.0044354452
  14                  850     0.6337671  329533.3  0.5748195   0.7061882  0.9390578  0.0028323537   5359.4154  0.0031159693   0.0025074495
  14                  900     0.6305091  317366.7  0.5737924   0.6996880  0.9387127  0.0016847961   4680.0997  0.0033704408   0.0028124425
  14                  950     0.6326100  316600.0  0.5780300   0.6986479  0.9385547  0.0012458868  10320.3682  0.0049965497   0.0063049171
  14                 1000     0.6292722  307400.0  0.5756719   0.6939678  0.9383130  0.0026715796   8261.3558  0.0068941596   0.0053095626
  15                   50     0.6516171  408933.3  0.5765214   0.7493500  0.9416627  0.0110035301  37137.7616  0.0082627837   0.0196148510
  15                  100     0.6526104  406366.7  0.5791239   0.7475299  0.9427049  0.0100915825  34498.4541  0.0053720273   0.0180814755
  15                  150     0.6522740  402766.7  0.5798576   0.7454498  0.9433740  0.0100549861  34887.0081  0.0055158805   0.0183652765
  15                  200     0.6466364  381266.7  0.5778662   0.7340094  0.9433890  0.0073717841  23348.3047  0.0043084285   0.0121093406
  15                  250     0.6463156  379833.3  0.5778479   0.7332293  0.9428753  0.0063855862  22978.7583  0.0026519807   0.0121594830
  15                  300     0.6452772  372933.3  0.5786483   0.7293292  0.9427014  0.0107559700  36604.9632  0.0051852384   0.0192179173
  15                  350     0.6431385  367666.7  0.5768333   0.7267291  0.9425656  0.0099141906  33055.1559  0.0050594005   0.0173077891
  15                  400     0.6419172  360233.3  0.5775277   0.7225689  0.9421522  0.0051240894  23928.7136  0.0024333654   0.0131530316
  15                  450     0.6423628  359600.0  0.5786226   0.7220489  0.9419618  0.0099901121  39041.6444  0.0030243815   0.0209498046
  15                  500     0.6437214  357200.0  0.5820073   0.7202288  0.9414022  0.0102656465  39146.7751  0.0030882789   0.0209352779
  15                  550     0.6416804  353266.7  0.5798112   0.7184087  0.9412080  0.0090750554  31931.3848  0.0038427046   0.0168926738
  15                  600     0.6434118  355766.7  0.5819834   0.7194488  0.9411049  0.0106332323  37342.2460  0.0047634639   0.0197539469
  15                  650     0.6374578  334633.3  0.5795621   0.7082683  0.9408923  0.0058113890  23292.1303  0.0012109115   0.0125534141
  15                  700     0.6396358  339033.3  0.5817642   0.7103484  0.9405742  0.0052000665  21050.4948  0.0013177527   0.0113663510
  15                  750     0.6387490  335633.3  0.5815419   0.7085283  0.9402874  0.0037240844  19846.9981  0.0023313369   0.0110680170
  15                  800     0.6398759  336133.3  0.5834047   0.7085283  0.9400045  0.0037197336  18971.1184  0.0022223908   0.0105328284
  15                  850     0.6403688  332500.0  0.5858758   0.7061882  0.9396471  0.0055163437  27513.6330  0.0022526199   0.0152122751
  15                  900     0.6375040  323933.3  0.5840491   0.7017681  0.9393061  0.0084929742  25756.8114  0.0055627872   0.0133823289
  15                  950     0.6358192  315466.7  0.5845220   0.6970879  0.9392716  0.0061339078  21760.5913  0.0062027623   0.0118383281
  15                 1000     0.6358806  315500.0  0.5846162   0.6970879  0.9389672  0.0055381184  22909.1685  0.0031311052   0.0124886219
  16                   50     0.6507400  404200.0  0.5766424   0.7467499  0.9414453  0.0093425301  22616.5868  0.0096829938   0.0114197562
  16                  100     0.6525229  411900.0  0.5769545   0.7509100  0.9427684  0.0122890615  28002.1428  0.0120025324   0.0136968978
  16                  150     0.6507193  405066.7  0.5762810   0.7472699  0.9432079  0.0073085170  23307.1520  0.0047270112   0.0121093406
  16                  200     0.6501191  397900.0  0.5778314   0.7431097  0.9429573  0.0051315051  18624.9832  0.0026190976   0.0098769734
  16                  250     0.6465549  389833.3  0.5745572   0.7392096  0.9429187  0.0059360237  20819.7823  0.0027512599   0.0109575182
  16                  300     0.6477403  390800.0  0.5762739   0.7394696  0.9428867  0.0059431478  20765.1150  0.0028437691   0.0109204368
  16                  350     0.6459303  378366.7  0.5777274   0.7324493  0.9427929  0.0042672709  19652.0567  0.0008829850   0.0107236561
  16                  400     0.6439188  372300.0  0.5764457   0.7293292  0.9425192  0.0041894589  18650.2011  0.0004806798   0.0101404056
  16                  450     0.6430508  366333.3  0.5771892   0.7259490  0.9422184  0.0078585798  28650.0145  0.0033374792   0.0152122751
  16                  500     0.6379983  357166.7  0.5716592   0.7217889  0.9417713  0.0042881700  16934.3832  0.0018079551   0.0091077899
  16                  550     0.6410756  357700.0  0.5769469   0.7212689  0.9414238  0.0047119401  16900.0000  0.0023017159   0.0089731846
  16                  600     0.6346060  339333.3  0.5724499   0.7119085  0.9410296  0.0020625510   3955.1654  0.0026098663   0.0019630355
  16                  650     0.6351825  339166.7  0.5735604   0.7116485  0.9409800  0.0009162041   4067.3497  0.0018121481   0.0023830347
  16                  700     0.6354646  335866.7  0.5753851   0.7095684  0.9407812  0.0002966229   4424.1760  0.0021596549   0.0027393796
  16                  750     0.6332781  325033.3  0.5757444   0.7035881  0.9405295  0.0020580174   5346.3383  0.0017302368   0.0027021073
  16                  800     0.6344571  325133.3  0.5778796   0.7033281  0.9404190  0.0007747167   2953.5290  0.0025011650   0.0019630355
  16                  850     0.6308466  316666.7  0.5746969   0.6991680  0.9399454  0.0018138768   8078.5725  0.0008853209   0.0044354452
  16                  900     0.6303321  309166.7  0.5768723   0.6947478  0.9397916  0.0019755390  10695.9494  0.0024404762   0.0060588561
  16                  950     0.6309781  306466.7  0.5792496   0.6929277  0.9396148  0.0046086892  18452.7324  0.0043180404   0.0101504011
  16                 1000     0.6292780  301000.0  0.5783440   0.6900676  0.9393697  0.0020462883   9183.1367  0.0014660135   0.0050752005
  17                   50     0.6517762  415900.0  0.5742754   0.7535101  0.9418673  0.0093958955  31496.1902  0.0051960126   0.0164362773
  17                  100     0.6550530  413066.7  0.5809522   0.7509100  0.9430884  0.0071970834  28882.0590  0.0026360778   0.0154897254
  17                  150     0.6476694  392500.0  0.5755592   0.7405096  0.9428019  0.0081726209  29630.8960  0.0039900007   0.0157042838
  17                  200     0.6450191  380533.3  0.5752922   0.7340094  0.9427934  0.0059545341  19650.5301  0.0038585969   0.0103188429
  17                  250     0.6444782  378566.7  0.5751015   0.7329693  0.9426024  0.0041147799  18074.9366  0.0041763876   0.0100297980
  17                  300     0.6434574  375100.0  0.5745585   0.7311492  0.9422912  0.0072052449  22040.1906  0.0044950877   0.0113663510
  17                  350     0.6413713  368133.3  0.5734730   0.7275091  0.9416945  0.0041115339  11357.9634  0.0030162695   0.0057496995
  17                  400     0.6374224  350466.7  0.5731805   0.7178887  0.9409357  0.0033728370   8951.1638  0.0030582606   0.0045705657
  17                  450     0.6378994  348966.7  0.5746379   0.7168487  0.9407779  0.0046788539  13082.1762  0.0051751007   0.0069330690
  17                  500     0.6371221  344333.3  0.5750524   0.7142486  0.9404217  0.0033025835  14342.0129  0.0019833915   0.0078521419
  17                  550     0.6371652  342633.3  0.5757835   0.7132085  0.9402944  0.0020396115   7030.1731  0.0023467246   0.0038478025
  17                  600     0.6341127  331833.3  0.5745432   0.7074883  0.9398720  0.0014610305   9555.2778  0.0011998870   0.0054042147
  17                  650     0.6358776  332200.0  0.5776483   0.7072283  0.9395537  0.0052248515  17606.5329  0.0054294946   0.0095321387
  17                  700     0.6352352  329333.3  0.5776041   0.7056682  0.9394534  0.0053052301  10474.8906  0.0065709380   0.0051937037
  17                  750     0.6347542  319700.0  0.5806997   0.6999480  0.9392917  0.0048474229  14185.9085  0.0054154330   0.0075760802
  17                  800     0.6318742  315000.0  0.5773157   0.6978679  0.9390574  0.0084648892  25510.5860  0.0061241261   0.0132910847
  17                  850     0.6290089  302166.7  0.5773410   0.6908476  0.9387196  0.0079275126  21461.2053  0.0060046409   0.0109297190
  17                  900     0.6314574  310100.0  0.5785701   0.6950078  0.9386170  0.0100906768  25023.3891  0.0088850682   0.0125534141
  17                  950     0.6312144  304000.0  0.5807262   0.6913677  0.9384082  0.0061328440  16865.0526  0.0065831454   0.0088708903
  17                 1000     0.6322833  305333.3  0.5821686   0.6918877  0.9382060  0.0079082792  21384.4180  0.0074526275   0.0110588509
  18                   50     0.6513272  407100.0  0.5767716   0.7483099  0.9424463  0.0083517099  41925.2907  0.0017425705   0.0230384474
  18                  100     0.6533471  408866.7  0.5795476   0.7488300  0.9433918  0.0101092244  39288.2086  0.0034999813   0.0209739932
  18                  150     0.6512974  398433.3  0.5797036   0.7431097  0.9432797  0.0054323373  21075.4201  0.0019722037   0.0112587806
  18                  200     0.6515284  392066.7  0.5824927   0.7392096  0.9436615  0.0037605600  17988.1442  0.0038446544   0.0100297980
  18                  250     0.6513386  388533.3  0.5834504   0.7371295  0.9436282  0.0039274487  14807.5431  0.0020604787   0.0079164521
  18                  300     0.6499303  382300.0  0.5833286   0.7337493  0.9433618  0.0015686873   9980.4810  0.0036215889   0.0058545659
  18                  350     0.6484865  374766.7  0.5836145   0.7295892  0.9429192  0.0002337174   2627.4195  0.0013033941   0.0016237644
  18                  400     0.6474014  371700.0  0.5828562   0.7280291  0.9424379  0.0027307201   5510.8983  0.0033133880   0.0027393796
  18                  450     0.6433786  357433.3  0.5811968   0.7204888  0.9418846  0.0029140027   5571.6545  0.0048663844   0.0031524586
  18                  500     0.6407299  351100.0  0.5789010   0.7173687  0.9415031  0.0015892285   9198.3694  0.0017179781   0.0051937037
  18                  550     0.6374146  337600.0  0.5782359   0.7100884  0.9413196  0.0043278145   9676.2596  0.0040662892   0.0047018048
  18                  600     0.6388708  340400.0  0.5797927   0.7113885  0.9411513  0.0039229597  14211.6150  0.0032736221   0.0076824164
  18                  650     0.6357834  331300.0  0.5778089   0.7067083  0.9408981  0.0027314825  10839.2804  0.0018266539   0.0058891064
  18                  700     0.6384732  335500.0  0.5810313   0.7085283  0.9406378  0.0003996201   3080.5844  0.0019335612   0.0019630355
  18                  750     0.6348114  324433.3  0.5788310   0.7028081  0.9400037  0.0029687431   6400.2604  0.0048368960   0.0035745520
  18                  800     0.6335419  321300.0  0.5777740   0.7012480  0.9397476  0.0028091059   9905.0492  0.0029847221   0.0054042147
  18                  850     0.6334336  316966.7  0.5793786   0.6986479  0.9395012  0.0056608539  13112.7165  0.0066637937   0.0067251779
  18                  900     0.6323731  310933.3  0.5799280   0.6952678  0.9393082  0.0039609062  11479.2567  0.0039707807   0.0060588561
  18                  950     0.6319673  306900.0  0.5808890   0.6929277  0.9388814  0.0035312101  10159.2323  0.0046840316   0.0055340085
  18                 1000     0.6304146  304066.7  0.5791711   0.6916277  0.9385838  0.0051537940  10267.5865  0.0062811086   0.0050752005
  19                   50     0.6503761  395000.0  0.5793544   0.7412897  0.9417866  0.0112884527  30524.5803  0.0095142808   0.0154897254
  19                  100     0.6536472  409400.0  0.5797895   0.7490900  0.9423768  0.0080501260  22258.2569  0.0065048431   0.0113126937
  19                  150     0.6530307  406966.7  0.5795990   0.7477899  0.9420398  0.0114653983  29454.5978  0.0097157684   0.0147244879
  19                  200     0.6482144  393166.7  0.5762219   0.7407696  0.9414912  0.0142794447  36297.4287  0.0116588949   0.0180309292
  19                  250     0.6433658  374200.0  0.5747332   0.7306292  0.9413989  0.0121768464  31938.8478  0.0097362165   0.0160302264
  19                  300     0.6394660  358700.0  0.5737023   0.7223089  0.9410216  0.0082038540  27277.6465  0.0046032067   0.0143194694
  19                  350     0.6365328  345800.0  0.5734532   0.7152886  0.9405716  0.0103980679  33516.1155  0.0066411479   0.0175810104
  19                  400     0.6366293  346700.0  0.5732554   0.7158086  0.9402551  0.0102982745  32352.8979  0.0060886836   0.0168265103
  19                  450     0.6355116  336333.3  0.5753188   0.7098284  0.9398406  0.0070363503  25405.1832  0.0027927510   0.0135105367
  19                  500     0.6347277  336833.3  0.5736895   0.7103484  0.9395366  0.0062801151  22987.2428  0.0023763749   0.0122425974
  19                  550     0.6319664  329166.7  0.5717286   0.7064483  0.9392611  0.0102378815  31010.0521  0.0069448126   0.0161059601
  19                  600     0.6307737  318366.7  0.5739276   0.7002080  0.9391688  0.0078384620  29505.9881  0.0023855996   0.0158008472
  19                  650     0.6305868  316133.3  0.5744991   0.6989080  0.9386876  0.0046175983  22030.2822  0.0023489746   0.0121844769
  19                  700     0.6288871  305533.3  0.5757324   0.6929277  0.9384487  0.0040821649  18955.8258  0.0023004793   0.0104749023
  19                  750     0.6272599  300533.3  0.5748014   0.6903276  0.9380917  0.0047491581  21077.0808  0.0006995438   0.0115434076
  19                  800     0.6242205  291900.0  0.5727642   0.6859074  0.9377598  0.0021924131  14550.6014  0.0031654403   0.0083406214
  19                  850     0.6244655  286900.0  0.5753908   0.6827873  0.9375253  0.0054935543  22604.6455  0.0036065101   0.0123907983
  19                  900     0.6271220  291933.3  0.5782056   0.6851274  0.9370728  0.0071702916  24324.1307  0.0031304934   0.0128724844
  19                  950     0.6229613  279400.0  0.5757707   0.6786271  0.9367808  0.0056130763  20359.0275  0.0027075852   0.0109204368
  19                 1000     0.6222208  277366.7  0.5752553   0.6775871  0.9364088  0.0076842831  24866.5103  0.0044703173   0.0131066908
  20                   50     0.6513068  409233.3  0.5760313   0.7496100  0.9421421  0.0083509800  41468.2208  0.0077643847   0.0230472491
  20                  100     0.6524862  404566.7  0.5795578   0.7464899  0.9430921  0.0063920013  22015.0706  0.0058589500   0.0118040140
  20                  150     0.6530903  400533.3  0.5820571   0.7438898  0.9431981  0.0120772085  33118.9271  0.0090674178   0.0167358659
  20                  200     0.6492769  386333.3  0.5806579   0.7363495  0.9430907  0.0078444208  28012.9137  0.0037020568   0.0148205928
  20                  250     0.6463121  375533.3  0.5794745   0.7306292  0.9426220  0.0077660555  26673.2700  0.0039686941   0.0140477823
  20                  300     0.6432829  369000.0  0.5765714   0.7275091  0.9421545  0.0047337976  17141.4702  0.0044655042   0.0093060479
  20                  350     0.6388874  353700.0  0.5745652   0.7194488  0.9419183  0.0051042924  11593.5327  0.0056909675   0.0058545659
  20                  400     0.6359010  339066.7  0.5749399   0.7113885  0.9414225  0.0038783115  15841.1910  0.0042446714   0.0087905052
  20                  450     0.6363692  337133.3  0.5765324   0.7100884  0.9410191  0.0053986334  15217.2052  0.0048433701   0.0078907909
  20                  500     0.6359978  333966.7  0.5771388   0.7082683  0.9407188  0.0038387568  13631.3364  0.0041093816   0.0074410234
  20                  550     0.6362874  333233.3  0.5779447   0.7077483  0.9402093  0.0041057718   6671.0819  0.0054121874   0.0031524586
  20                  600     0.6370696  329733.3  0.5808192   0.7054082  0.9400550  0.0063484479  17900.3724  0.0052873857   0.0092404346
  20                  650     0.6334917  316566.7  0.5796582   0.6983879  0.9398628  0.0049660481  13382.2021  0.0057256141   0.0070778251
  20                  700     0.6322623  312166.7  0.5791963   0.6960478  0.9393755  0.0030690558   8623.4177  0.0033908490   0.0045705657
  20                  750     0.6349546  318500.0  0.5815610   0.6991680  0.9391653  0.0039209291   7502.6662  0.0054670397   0.0038478025
  20                  800     0.6325478  305866.7  0.5824071   0.6921477  0.9386619  0.0073605985  12271.2401  0.0086265993   0.0054787591
  20                  850     0.6319689  303900.0  0.5821620   0.6911076  0.9386323  0.0082489325  15823.7164  0.0089778727   0.0074410234
  20                  900     0.6289615  294433.3  0.5805909   0.6861674  0.9380571  0.0068889298   9130.8999  0.0095850276   0.0039260709
  20                  950     0.6276350  287866.7  0.5809513   0.6825273  0.9376304  0.0053219134   8187.9993  0.0081177447   0.0041275371
  20                 1000     0.6265439  283966.7  0.5805716   0.6804472  0.9374170  0.0063564531  10276.3482  0.0081278888   0.0047018048
  ROC SD      
  0.0037905063
  0.0038661060
  0.0041067904
  0.0032335149
  0.0028695844
  0.0029377939
  0.0029633622
  0.0032534918
  0.0030062536
  0.0030097474
  0.0031755925
  0.0033126778
  0.0033178349
  0.0035058136
  0.0033838254
  0.0033571601
  0.0035080316
  0.0035144028
  0.0033916290
  0.0034215653
  0.0048565890
  0.0024912930
  0.0021855828
  0.0023867794
  0.0018639620
  0.0019611279
  0.0017907439
  0.0019547864
  0.0017154811
  0.0018769145
  0.0015255652
  0.0012521760
  0.0012453373
  0.0012074996
  0.0011776206
  0.0012328773
  0.0011809916
  0.0011951322
  0.0012915698
  0.0012916980
  0.0057393529
  0.0032204357
  0.0031064070
  0.0025749010
  0.0026384312
  0.0021581694
  0.0022541163
  0.0020034940
  0.0017113184
  0.0017444247
  0.0019431635
  0.0017711949
  0.0018146037
  0.0018499682
  0.0018562878
  0.0017764916
  0.0016363890
  0.0017222425
  0.0015773492
  0.0016323003
  0.0032565756
  0.0023607859
  0.0020881647
  0.0017571661
  0.0014507847
  0.0016498510
  0.0016048690
  0.0015503597
  0.0014138952
  0.0014207959
  0.0008936145
  0.0007748809
  0.0008860991
  0.0007160863
  0.0007445338
  0.0006976840
  0.0005306132
  0.0006054378
  0.0006295843
  0.0007091130
  0.0031371802
  0.0022124300
  0.0018478489
  0.0015143268
  0.0014237294
  0.0014539600
  0.0013908759
  0.0013316881
  0.0010457566
  0.0012268120
  0.0010560470
  0.0011279701
  0.0008471698
  0.0010091270
  0.0008043636
  0.0009007086
  0.0008994376
  0.0009838253
  0.0010624016
  0.0008852155
  0.0026515989
  0.0018822543
  0.0013323795
  0.0012272370
  0.0009580085
  0.0010154218
  0.0011172193
  0.0012081923
  0.0011728857
  0.0011043000
  0.0010792442
  0.0011591978
  0.0013076227
  0.0011304571
  0.0009679368
  0.0008590685
  0.0007955787
  0.0009796133
  0.0009555861
  0.0009683914
  0.0019099915
  0.0020427459
  0.0018674212
  0.0019704295
  0.0014716994
  0.0013649955
  0.0012417110
  0.0011753047
  0.0009930952
  0.0012684481
  0.0012596620
  0.0010686442
  0.0010820560
  0.0011076929
  0.0011283669
  0.0011672498
  0.0010494362
  0.0010952681
  0.0010570644
  0.0011077098
  0.0025391051
  0.0020430390
  0.0017707767
  0.0016362894
  0.0015320698
  0.0013178922
  0.0013384018
  0.0012607742
  0.0010064999
  0.0004255294
  0.0004522068
  0.0004399037
  0.0003379319
  0.0001695894
  0.0002007567
  0.0003563099
  0.0005012469
  0.0006454491
  0.0006451983
  0.0004821813
  0.0015246911
  0.0017207009
  0.0017723635
  0.0009112296
  0.0008193702
  0.0008101009
  0.0010695058
  0.0009916088
  0.0007575562
  0.0005096053
  0.0004991541
  0.0003222961
  0.0002797760
  0.0005153461
  0.0005373174
  0.0004048721
  0.0004481654
  0.0002702608
  0.0005284098
  0.0004613153
  0.0024641099
  0.0013983135
  0.0011273903
  0.0005008843
  0.0005298921
  0.0004321050
  0.0004419494
  0.0005436751
  0.0005067698
  0.0006430494
  0.0007370195
  0.0007275789
  0.0005128085
  0.0003971861
  0.0003696260
  0.0007514714
  0.0008598213
  0.0008164973
  0.0008654941
  0.0009010334
  0.0017014720
  0.0015596583
  0.0008888169
  0.0009642917
  0.0009543466
  0.0008903815
  0.0005892080
  0.0005275091
  0.0009274848
  0.0008735197
  0.0012345347
  0.0009864697
  0.0009920970
  0.0009602333
  0.0009755666
  0.0013096228
  0.0015434248
  0.0013843634
  0.0015401956
  0.0017630885
  0.0015611607
  0.0025481501
  0.0016766616
  0.0017560715
  0.0013720156
  0.0014053957
  0.0013624710
  0.0011432958
  0.0012870163
  0.0012684979
  0.0008713905
  0.0008428831
  0.0007603357
  0.0006376070
  0.0006768039
  0.0008528790
  0.0004635466
  0.0006573873
  0.0010592996
  0.0010102425
  0.0020912746
  0.0021165088
  0.0023611910
  0.0021645950
  0.0017884022
  0.0013834620
  0.0012705049
  0.0011705666
  0.0010681183
  0.0011965248
  0.0010926567
  0.0009097987
  0.0010177363
  0.0012847737
  0.0012016950
  0.0013631791
  0.0013781701
  0.0014187405
  0.0015925320
  0.0015511732
  0.0016783933
  0.0009571842
  0.0007458808
  0.0007732399
  0.0004774498
  0.0004183983
  0.0005350847
  0.0006084812
  0.0003685907
  0.0006302075
  0.0005099256
  0.0004882294
  0.0009163314
  0.0008362591
  0.0006846668
  0.0004787880
  0.0002669296
  0.0003733801
  0.0006565924
  0.0005639309
  0.0022800543
  0.0015404015
  0.0010133341
  0.0009192439
  0.0006523177
  0.0009315507
  0.0009558626
  0.0010495868
  0.0010307244
  0.0012266691
  0.0012781290
  0.0012108830
  0.0011992386
  0.0010251650
  0.0010293429
  0.0010316795
  0.0010508079
  0.0012615100
  0.0011564727
  0.0008964576
  0.0019534719
  0.0017743520
  0.0010594574
  0.0010770830
  0.0009611925
  0.0006320138
  0.0006454361
  0.0004131706
  0.0001586215
  0.0002253757
  0.0002006747
  0.0003416773
  0.0004713287
  0.0005959432
  0.0005726376
  0.0006268623
  0.0008373755
  0.0009586495
  0.0009808059
  0.0010726110
  0.0018287214
  0.0017173862
  0.0013189003
  0.0008027555
  0.0004505646
  0.0003051179
  0.0003916616
  0.0004704444
  0.0009140495
  0.0012078226
  0.0014739431
  0.0014443072
  0.0015008289
  0.0014891257
  0.0015788327
  0.0015560936
  0.0017438999
  0.0016368161
  0.0017283463
  0.0017330282
  0.0018593271
  0.0016372850
  0.0009829870
  0.0008159717
  0.0008509123
  0.0007608296
  0.0008607099
  0.0006873605
  0.0009825248
  0.0009789428
  0.0009556060
  0.0009122786
  0.0008607773
  0.0006515165
  0.0007073470
  0.0010498357
  0.0011739153
  0.0011091324
  0.0009800672
  0.0008338198
  0.0020963097
  0.0016218426
  0.0017711944
  0.0016259633
  0.0008273412
  0.0004502862
  0.0005040054
  0.0003912821
  0.0004102275
  0.0003790629
  0.0003121563
  0.0008977826
  0.0009289074
  0.0010838917
  0.0011162913
  0.0012550560
  0.0015408665
  0.0017276851
  0.0016375903
  0.0016483233
  0.0007674844
  0.0016708538
  0.0019260738
  0.0016188998
  0.0010742090
  0.0010694291
  0.0011823873
  0.0012881189
  0.0012850546
  0.0011459121
  0.0013461726
  0.0017502086
  0.0017125038
  0.0017163173
  0.0017750842
  0.0016467353
  0.0017156931
  0.0017020506
  0.0018191123
  0.0020451251

Tuning parameter 'shrinkage' was held constant at a value of 0.1
Tuning parameter 'n.minobsinnode' was held constant at a value of 10
F1_score was used to select the optimal model using  the largest value.
The final values used for the model were n.trees = 100, interaction.depth = 17, shrinkage = 0.1 and n.minobsinnode = 10. 
> 